1520364042062285473,0.0,0.0,0.0,0.0,0.0,0.0
1520364042347967512,0.0,0.0,0.0,0.0,0.0,0.0
1520364042633686401,0.0,0.0,0.0,0.0,0.0,0.0
1520364042919367224,0.0,0.0,0.0,0.0,0.0,0.0
1520364043205107509,0.0,0.0,0.0,0.0,0.0,0.0
1520364043490833648,0.0,0.0,0.0,0.0,0.0,0.0
1520364043776545796,0.0,0.0,0.0,0.0,0.0,0.0
1520364044062245975,0.0,0.0,0.0,0.0,0.0,0.0
1520364044347969455,0.0,0.0,0.0,0.0,0.0,0.0
1520364044633694670,0.0,0.0,0.0,0.0,0.0,0.0
1520364044919388577,0.0,0.0,0.0,0.0,0.0,0.0
1520364045205148530,0.0,0.0,0.0,0.0,0.0,0.0
1520364045490905480,0.0,0.0,0.0,0.0,0.0,0.0
1520364045776576378,0.0,0.0,0.0,0.0,0.0,0.0
1520364046062308653,0.0,0.0,0.0,0.0,0.0,0.0
1520364046347970538,0.0,0.0,0.0,0.0,0.0,0.0
1520364046633451583,0.0,0.0,0.0,0.0,0.0,0.0
1520364046919401543,0.0,0.0,0.0,0.0,0.0,0.0
1520364047205107583,0.0,0.0,0.0,0.0,0.0,0.0
1520364047490803571,0.0,0.0,0.0,0.0,0.0,0.0
1520364047776551429,0.0,0.0,0.0,0.0,0.0,0.0
1520364048062299750,0.0,0.0,0.0,0.0,0.0,0.0
1520364048347985482,0.0,0.0,0.0,0.0,0.0,0.0
1520364048633710936,0.0,0.0,0.0,0.0,0.0,0.0
1520364048919458833,0.05,0.0,0.0,0.0,0.0,0.0
1520364049205122974,0.05,0.0,0.0,0.0,0.0,0.0
1520364049490873800,0.05,0.0,0.0,0.0,0.0,0.0
1520364049776543293,0.05,0.0,0.0,0.0,0.0,0.0
1520364050062282090,0.05,0.0,0.0,0.0,0.0,0.0
1520364050347941637,0.05,0.0,0.0,0.0,0.0,0.0
1520364050633680657,0.05,0.0,0.0,0.0,0.0,0.0
1520364050919319924,0.05,0.0,0.0,0.0,0.0,0.0
1520364051205112835,0.05,0.0,0.0,0.0,0.0,0.0
1520364051490844255,0.05,0.0,0.0,0.0,0.0,0.0
1520364051776571291,0.05,0.0,0.0,0.0,0.0,0.0
1520364052062233606,0.05,0.0,0.0,0.0,0.0,0.0
1520364052347883225,0.05,0.0,0.0,0.0,0.0,0.0
1520364052633694989,0.05,0.0,0.0,0.0,0.0,0.0
1520364052919438552,0.05,0.0,0.0,0.0,0.0,0.0
1520364053205156557,0.05,0.0,0.0,0.0,0.0,0.0
1520364053490859003,0.05,0.0,0.0,0.0,0.0,0.0
1520364053776539644,0.05,0.0,0.0,0.0,0.0,0.0
1520364054062031456,0.05,0.0,0.0,0.0,0.0,0.0
1520364054347938143,0.05,0.0,0.0,0.0,0.0,0.0
1520364054633397379,0.05,0.0,0.0,0.0,0.0,0.0
1520364054919497984,0.05,0.0,0.0,0.0,0.0,0.0
1520364055205143337,0.05,0.0,0.0,0.0,0.0,0.0
1520364055490848685,0.05,0.0,0.0,0.0,0.0,0.0
1520364055776544392,0.05,0.0,0.0,0.0,0.0,0.0
1520364056062249681,0.05,0.0,0.0,0.0,0.0,0.0
1520364056347966059,0.05,0.0,0.0,0.0,0.0,0.0
1520364056633689461,0.05,0.0,0.0,0.0,0.0,0.0
1520364056919373556,0.05,0.0,0.0,0.0,0.0,0.0
1520364057205111978,0.05,0.0,0.0,0.0,0.0,0.0
1520364057490838116,0.05,0.0,0.0,0.0,0.0,0.0
1520364057776555449,0.05,0.0,0.0,0.0,0.0,0.0
1520364058062285317,0.05,0.0,0.0,0.0,0.0,0.0
1520364058347911187,0.05,0.0,0.0,0.0,0.0,0.0
1520364058633467645,0.05,0.0,0.0,0.0,0.0,0.0
1520364058919604911,0.05,0.0,0.0,0.0,0.0,0.0
1520364059205153038,0.05,0.0,0.0,0.0,0.0,0.0
1520364059490801386,0.05,0.0,0.0,0.0,0.0,0.0
1520364059776508768,0.05,0.0,0.0,0.0,0.0,0.0
1520364060062284779,0.05,0.0,0.0,0.0,0.0,0.0
1520364060347815632,0.05,0.0,0.0,0.0,0.0,0.0
1520364060633703462,0.05,0.0,0.0,0.0,0.0,0.0
1520364060919403737,0.05,0.0,0.0,0.0,0.0,0.0
1520364061205164113,0.05,0.0,0.0,0.0,0.0,0.0
1520364061490857046,0.05,0.0,0.0,0.0,0.0,0.0
1520364061776546095,0.05,0.0,0.0,0.0,0.0,0.0
1520364062062262536,0.05,0.0,0.0,0.0,0.0,0.0
1520364062347967852,0.0,0.0,0.0,0.0,0.0,0.3
1520364062633439601,0.0,0.0,0.0,0.0,0.0,0.3
1520364062919404594,0.0,0.0,0.0,0.0,0.0,0.3
1520364063205095209,0.0,0.0,0.0,0.0,0.0,0.3
1520364063490842655,0.0,0.0,0.0,0.0,0.0,0.3
1520364063776506903,0.0,0.0,0.0,0.0,0.0,0.3
1520364064062251541,0.0,0.0,0.0,0.0,0.0,0.3
1520364064347985424,0.0,0.0,0.0,0.0,0.0,0.3
1520364064633491799,0.05,0.0,0.0,0.0,0.0,0.0
1520364064919374941,0.05,0.0,0.0,0.0,0.0,0.0
1520364065205106872,0.05,0.0,0.0,0.0,0.0,0.0
1520364065490822965,0.05,0.0,0.0,0.0,0.0,0.0
1520364065776539903,0.05,0.0,0.0,0.0,0.0,0.0
1520364066062275858,0.05,0.0,0.0,0.0,0.0,0.0
1520364066347983387,0.05,0.0,0.0,0.0,0.0,0.0
1520364066633436927,0.05,0.0,0.0,0.0,0.0,0.0
1520364066919401842,0.05,0.0,0.0,0.0,0.0,0.0
1520364067205141609,0.05,0.0,0.0,0.0,0.0,0.0
1520364067490769669,0.05,0.0,0.0,0.0,0.0,0.0
1520364067776449970,0.05,0.0,0.0,0.0,0.0,0.0
1520364068062240107,0.05,0.0,0.0,0.0,0.0,0.0
1520364068347983299,0.05,0.0,0.0,0.0,0.0,0.0
1520364068633464016,0.05,0.0,0.0,0.0,0.0,0.0
1520364068919402027,0.05,0.0,0.0,0.0,0.0,0.0
1520364069205120884,0.05,0.0,0.0,0.0,0.0,0.0
1520364069490867045,0.05,0.0,0.0,0.0,0.0,0.0
1520364069776465864,0.05,0.0,0.0,0.0,0.0,0.0
1520364070062258479,0.05,0.0,0.0,0.0,0.0,0.0
1520364070348493480,0.05,0.0,0.0,0.0,0.0,0.0
1520364070633697442,0.05,0.0,0.0,0.0,0.0,0.0
1520364070919399391,0.05,0.0,0.0,0.0,0.0,0.0
1520364071205118864,0.05,0.0,0.0,0.0,0.0,0.0
1520364071490826299,0.05,0.0,0.0,0.0,0.0,0.0
1520364071776528213,0.05,0.0,0.0,0.0,0.0,0.0
1520364072062256627,0.05,0.0,0.0,0.0,0.0,0.0
1520364072347987676,0.0,0.0,0.0,0.0,0.0,0.0
1520364072633693838,0.0,0.0,0.0,0.0,0.0,0.0
1520364072919393151,0.0,0.0,0.0,0.0,0.0,0.0
1520364073205116430,0.0,0.0,0.0,0.0,0.0,0.0
1520364073490694160,0.0,0.0,0.0,0.0,0.0,0.0
1520364073776535479,0.0,0.0,0.0,0.0,0.0,-0.3
1520364074062274687,0.0,0.0,0.0,0.0,0.0,-0.3
1520364074347949537,0.0,0.0,0.0,0.0,0.0,-0.3
1520364074633692949,0.0,0.0,0.0,0.0,0.0,-0.3
1520364074919393284,0.0,0.0,0.0,0.0,0.0,0.0
1520364075205111203,0.0,0.0,0.0,0.0,0.0,0.0
1520364075490791545,0.0,0.0,0.0,0.0,0.0,0.0
1520364075776538774,0.0,0.0,0.0,0.0,0.0,0.0
1520364076062255356,0.0,0.0,0.0,0.0,0.0,0.0
1520364076347966931,0.0,0.0,0.0,0.0,0.0,0.0
1520364076633448898,0.05,0.0,0.0,0.0,0.0,0.0
1520364076919394762,0.05,0.0,0.0,0.0,0.0,0.0
1520364077205171648,0.05,0.0,0.0,0.0,0.0,0.0
1520364077490828745,0.05,0.0,0.0,0.0,0.0,0.0
1520364077776516568,0.05,0.0,0.0,0.0,0.0,0.0
1520364078062231398,0.05,0.0,0.0,0.0,0.0,0.0
1520364078347967615,0.05,0.0,0.0,0.0,0.0,0.0
1520364078633478936,0.05,0.0,0.0,0.0,0.0,0.0
1520364078919389129,0.05,0.0,0.0,0.0,0.0,0.0
1520364079205141356,0.05,0.0,0.0,0.0,0.0,0.0
1520364079490844555,0.05,0.0,0.0,0.0,0.0,0.0
1520364079776403229,0.05,0.0,0.0,0.0,0.0,0.0
1520364080062281464,0.05,0.0,0.0,0.0,0.0,0.0
1520364080347959152,0.05,0.0,0.0,0.0,0.0,0.0
1520364080633562608,0.05,0.0,0.0,0.0,0.0,0.0
1520364080919389520,0.05,0.0,0.0,0.0,0.0,0.0
1520364081205114142,0.05,0.0,0.0,0.0,0.0,0.0
1520364081490760256,0.05,0.0,0.0,0.0,0.0,0.0
1520364081776464735,0.05,0.0,0.0,0.0,0.0,0.0
1520364082062285270,0.05,0.0,0.0,0.0,0.0,0.0
1520364082347972004,0.05,0.0,0.0,0.0,0.0,0.0
1520364082633661263,0.0,0.0,0.0,0.0,0.0,0.3
1520364082919379930,0.0,0.0,0.0,0.0,0.0,0.3
1520364083205112182,0.0,0.0,0.0,0.0,0.0,0.3
1520364083490774874,0.0,0.0,0.0,0.0,0.0,0.3
1520364083776534538,0.0,0.0,0.0,0.0,0.0,0.0
1520364084062289677,0.0,0.0,0.0,0.0,0.0,0.0
1520364084347971485,0.0,0.0,0.0,0.0,0.0,0.0
1520364084633733746,0.0,0.0,0.0,0.0,0.0,0.0
1520364084919398980,0.05,0.0,0.0,0.0,0.0,0.0
1520364085205118461,0.05,0.0,0.0,0.0,0.0,0.0
1520364085490723565,0.05,0.0,0.0,0.0,0.0,0.0
1520364085776537757,0.05,0.0,0.0,0.0,0.0,0.0
1520364086062281513,0.05,0.0,0.0,0.0,0.0,0.0
1520364086347981916,0.05,0.0,0.0,0.0,0.0,0.0
1520364086633693032,0.05,0.0,0.0,0.0,0.0,0.0
1520364086919422351,0.05,0.0,0.0,0.0,0.0,0.0
1520364087205106393,0.05,0.0,0.0,0.0,0.0,0.0
1520364087490494811,0.05,0.0,0.0,0.0,0.0,0.0
1520364087776541043,0.05,0.0,0.0,0.0,0.0,0.0
1520364088062275736,0.05,0.0,0.0,0.0,0.0,0.0
1520364088347834595,0.05,0.0,0.0,0.0,0.0,0.0
1520364088633419485,0.05,0.0,0.0,0.0,0.0,0.0
1520364088919323035,0.05,0.0,0.0,0.0,0.0,0.0
1520364089205104281,0.05,0.0,0.0,0.0,0.0,0.0
1520364089490852529,0.05,0.0,0.0,0.0,0.0,0.0
1520364089776562328,0.05,0.0,0.0,0.0,0.0,0.0
1520364090062219599,0.05,0.0,0.0,0.0,0.0,0.0
1520364090347961031,0.05,0.0,0.0,0.0,0.0,0.0
1520364090633493174,0.05,0.0,0.0,0.0,0.0,0.0
1520364090919365627,0.05,0.0,0.0,0.0,0.0,0.0
1520364091205120642,0.05,0.0,0.0,0.0,0.0,0.0
1520364091490850941,0.05,0.0,0.0,0.0,0.0,0.0
1520364091776551070,0.05,0.0,0.0,0.0,0.0,0.0
1520364092062260465,0.05,0.0,0.0,0.0,0.0,0.0
1520364092347984233,0.05,0.0,0.0,0.0,0.0,0.0
1520364092633691890,0.05,0.0,0.0,0.0,0.0,0.0
1520364092919347911,0.05,0.0,0.0,0.0,0.0,0.0
1520364093205032856,0.05,0.0,0.0,0.0,0.0,0.0
1520364093490872767,0.05,0.0,0.0,0.0,0.0,0.0
1520364093776533745,0.05,0.0,0.0,0.0,0.0,0.0
1520364094062296522,0.05,0.0,0.0,0.0,0.0,0.0
1520364094347979577,0.05,0.0,0.0,0.0,0.0,0.0
1520364094633696229,0.05,0.0,0.0,0.0,0.0,0.0
1520364094919389888,0.0,0.0,0.0,0.0,0.0,0.3
1520364095205115320,0.0,0.0,0.0,0.0,0.0,0.3
1520364095490901750,0.0,0.0,0.0,0.0,0.0,0.0
1520364095776544046,0.0,0.0,0.0,0.0,0.0,0.0
1520364096062254758,0.0,0.0,0.0,0.0,0.0,0.0
1520364096347961626,0.0,0.0,0.0,0.0,0.0,0.0
1520364096633483203,0.0,0.0,0.0,0.0,0.0,0.0
1520364096919366734,0.05,0.0,0.0,0.0,0.0,0.0
1520364097205090707,0.05,0.0,0.0,0.0,0.0,0.0
1520364097490752810,0.05,0.0,0.0,0.0,0.0,0.0
1520364097776537584,0.05,0.0,0.0,0.0,0.0,0.0
1520364098062284824,0.05,0.0,0.0,0.0,0.0,0.0
1520364098347954184,0.05,0.0,0.0,0.0,0.0,0.0
1520364098633477591,0.05,0.0,0.0,0.0,0.0,0.0
1520364098919181689,0.05,0.0,0.0,0.0,0.0,0.0
1520364099205105843,0.05,0.0,0.0,0.0,0.0,0.0
1520364099490809281,0.05,0.0,0.0,0.0,0.0,0.0
1520364099776518645,0.05,0.0,0.0,0.0,0.0,0.0
1520364100062274226,0.05,0.0,0.0,0.0,0.0,0.0
1520364100347990780,0.05,0.0,0.0,0.0,0.0,0.0
1520364100633489164,0.05,0.0,0.0,0.0,0.0,0.0
1520364100919430846,0.05,0.0,0.0,0.0,0.0,0.0
1520364101205125861,0.05,0.0,0.0,0.0,0.0,0.0
1520364101490829636,0.05,0.0,0.0,0.0,0.0,0.0
1520364101776541738,0.05,0.0,0.0,0.0,0.0,0.0
1520364102062262010,0.05,0.0,0.0,0.0,0.0,0.0
1520364102347914385,0.05,0.0,0.0,0.0,0.0,0.0
1520364102633487079,0.05,0.0,0.0,0.0,0.0,0.0
1520364102919425530,0.05,0.0,0.0,0.0,0.0,0.0
1520364103205045594,0.05,0.0,0.0,0.0,0.0,0.0
1520364103490894473,0.05,0.0,0.0,0.0,0.0,0.0
1520364103776548981,0.05,0.0,0.0,0.0,0.0,0.0
1520364104062248434,0.05,0.0,0.0,0.0,0.0,0.0
1520364104347957165,0.0,0.0,0.0,0.0,0.0,0.0
1520364104633481421,0.0,0.0,0.0,0.0,0.0,0.0
1520364104919344646,0.0,0.0,0.0,0.0,0.0,0.0
1520364105205120752,0.0,0.0,0.0,0.0,0.0,0.0
1520364105490864995,0.0,0.0,0.0,0.0,0.0,0.0
1520364105776589445,0.0,0.0,0.0,0.0,0.0,0.0
1520364106062276564,0.0,0.0,0.0,0.0,0.0,0.0
1520364106347919179,0.0,0.0,0.0,0.0,0.0,0.0
1520364106633484562,0.0,0.0,0.0,0.0,0.0,0.3
1520364106919470851,0.0,0.0,0.0,0.0,0.0,0.3
1520364107205121081,0.0,0.0,0.0,0.0,0.0,0.3
1520364107490823216,0.0,0.0,0.0,0.0,0.0,0.3
1520364107776529026,0.0,0.0,0.0,0.0,0.0,0.3
1520364108062273911,0.0,0.0,0.0,0.0,0.0,0.3
1520364108347956551,0.0,0.0,0.0,0.0,0.0,0.3
1520364108633709264,0.0,0.0,0.0,0.0,0.0,0.3
1520364108919447342,0.0,0.0,0.0,0.0,0.0,0.3
1520364109205146336,0.0,0.0,0.0,0.0,0.0,0.3
1520364109490847909,0.0,0.0,0.0,0.0,0.0,0.3
1520364109776547793,0.0,0.0,0.0,0.0,0.0,0.3
1520364110062259210,0.0,0.0,0.0,0.0,0.0,0.3
1520364110347941321,0.0,0.0,0.0,0.0,0.0,0.3
1520364110633376216,0.0,0.0,0.0,0.0,0.0,0.3
1520364110919303425,0.0,0.0,0.0,0.0,0.0,0.3
1520364111205105255,0.0,0.0,0.0,0.0,0.0,0.3
1520364111490734801,0.0,0.0,0.0,0.0,0.0,0.3
1520364111776523063,0.0,0.0,0.0,0.0,0.0,0.3
1520364112062273440,0.0,0.0,0.0,0.0,0.0,0.3
1520364112347957768,0.0,0.0,0.0,0.0,0.0,0.3
1520364112633704898,0.0,0.0,0.0,0.0,0.0,0.3
1520364112919265126,0.0,0.0,0.0,0.0,0.0,0.3
1520364113205093401,0.0,0.0,0.0,0.0,0.0,0.3
1520364113490792517,0.0,0.0,0.0,0.0,0.0,0.3
1520364113776538464,0.0,0.0,0.0,0.0,0.0,0.3
1520364114062279125,0.0,0.0,0.0,0.0,0.0,0.3
1520364114347982032,0.0,0.0,0.0,0.0,0.0,0.3
1520364114633710266,0.0,0.0,0.0,0.0,0.0,0.3
1520364114919326230,0.0,0.0,0.0,0.0,0.0,0.3
1520364115205112899,0.0,0.0,0.0,0.0,0.0,0.3
1520364115490820031,0.0,0.0,0.0,0.0,0.0,0.3
1520364115776531159,0.0,0.0,0.0,0.0,0.0,0.3
1520364116062258217,0.0,0.0,0.0,0.0,0.0,0.3
1520364116347865478,0.0,0.0,0.0,0.0,0.0,0.3
1520364116633697185,0.0,0.0,0.0,0.0,0.0,0.3
1520364116919253062,0.0,0.0,0.0,0.0,0.0,0.3
1520364117204808209,0.0,0.0,0.0,0.0,0.0,0.3
1520364117490804148,0.0,0.0,0.0,0.0,0.0,0.0
1520364117776541976,0.0,0.0,0.0,0.0,0.0,0.0
1520364118062268322,0.0,0.0,0.0,0.0,0.0,0.0
1520364118347938764,0.0,0.0,0.0,0.0,0.0,0.0
1520364118633685895,0.0,0.0,0.0,0.0,0.0,0.0
1520364118919375951,0.0,0.0,0.0,0.0,0.0,0.0
1520364119205173777,0.0,0.0,0.0,0.0,0.0,0.0
1520364119490844798,0.05,0.0,0.0,0.0,0.0,0.0
1520364119776539936,0.05,0.0,0.0,0.0,0.0,0.0
1520364120062023815,0.05,0.0,0.0,0.0,0.0,0.0
1520364120347995663,0.05,0.0,0.0,0.0,0.0,0.0
1520364120633705344,0.05,0.0,0.0,0.0,0.0,0.0
1520364120919056520,0.05,0.0,0.0,0.0,0.0,0.0
1520364121205150229,0.05,0.0,0.0,0.0,0.0,0.0
1520364121490847018,0.05,0.0,0.0,0.0,0.0,0.0
1520364121776549177,0.05,0.0,0.0,0.0,0.0,0.0
1520364122062247249,0.05,0.0,0.0,0.0,0.0,0.0
1520364122347959503,0.05,0.0,0.0,0.0,0.0,0.0
1520364122633689738,0.05,0.0,0.0,0.0,0.0,0.0
1520364122919388452,0.05,0.0,0.0,0.0,0.0,0.0
1520364123205105965,0.05,0.0,0.0,0.0,0.0,0.0
1520364123490868644,0.05,0.0,0.0,0.0,0.0,0.0
1520364123776556823,0.05,0.0,0.0,0.0,0.0,0.0
1520364124062268464,0.05,0.0,0.0,0.0,0.0,0.0
1520364124347953164,0.05,0.0,0.0,0.0,0.0,0.0
1520364124633711963,0.05,0.0,0.0,0.0,0.0,0.0
1520364124919385187,0.05,0.0,0.0,0.0,0.0,0.0
1520364125205110734,0.05,0.0,0.0,0.0,0.0,0.0
1520364125490856296,0.05,0.0,0.0,0.0,0.0,0.0
1520364125776544952,0.05,0.0,0.0,0.0,0.0,0.0
1520364126062246033,0.05,0.0,0.0,0.0,0.0,0.0
1520364126347956611,0.05,0.0,0.0,0.0,0.0,0.0
1520364126633469444,0.05,0.0,0.0,0.0,0.0,0.0
1520364126919393645,0.05,0.0,0.0,0.0,0.0,0.0
1520364127205108581,0.05,0.0,0.0,0.0,0.0,0.0
1520364127490811221,0.05,0.0,0.0,0.0,0.0,0.0
1520364127776539529,0.05,0.0,0.0,0.0,0.0,0.0
1520364128062246080,0.05,0.0,0.0,0.0,0.0,0.0
1520364128347944373,0.05,0.0,0.0,0.0,0.0,0.0
1520364128633491963,0.05,0.0,0.0,0.0,0.0,0.0
1520364128919388415,0.05,0.0,0.0,0.0,0.0,0.0
1520364129205110648,0.05,0.0,0.0,0.0,0.0,0.0
1520364129491231328,0.05,0.0,0.0,0.0,0.0,0.0
1520364129776558096,0.05,0.0,0.0,0.0,0.0,0.0
1520364130062250297,0.05,0.0,0.0,0.0,0.0,0.0
1520364130347962556,0.05,0.0,0.0,0.0,0.0,0.0
1520364130633692817,0.05,0.0,0.0,0.0,0.0,0.0
1520364130919389869,0.05,0.0,0.0,0.0,0.0,0.0
1520364131205153981,0.05,0.0,0.0,0.0,0.0,0.0
1520364131490904792,0.05,0.0,0.0,0.0,0.0,0.0
1520364131776540252,0.05,0.0,0.0,0.0,0.0,0.0
1520364132062308381,0.05,0.0,0.0,0.0,0.0,0.0
1520364132347961511,0.05,0.0,0.0,0.0,0.0,0.0
1520364132633419417,0.05,0.0,0.0,0.0,0.0,0.0
1520364132919391725,0.05,0.0,0.0,0.0,0.0,0.0
1520364133205143717,0.05,0.0,0.0,0.0,0.0,0.0
1520364133490874887,0.05,0.0,0.0,0.0,0.0,0.0
1520364133776562137,0.05,0.0,0.0,0.0,0.0,0.0
1520364134062280274,0.05,0.0,0.0,0.0,0.0,0.0
1520364134347979376,0.05,0.0,0.0,0.0,0.0,0.0
1520364134633677038,0.05,0.0,0.0,0.0,0.0,0.0
1520364134919393467,0.05,0.0,0.0,0.0,0.0,0.0
1520364135204964075,0.05,0.0,0.0,0.0,0.0,0.0
1520364135490837640,0.05,0.0,0.0,0.0,0.0,0.0
1520364135776555023,0.05,0.0,0.0,0.0,0.0,0.0
1520364136062269127,0.05,0.0,0.0,0.0,0.0,0.0
1520364136347955292,0.05,0.0,0.0,0.0,0.0,0.0
1520364136633430331,0.05,0.0,0.0,0.0,0.0,0.0
1520364136919449884,0.05,0.0,0.0,0.0,0.0,0.0
1520364137205106560,0.05,0.0,0.0,0.0,0.0,0.0
1520364137490666579,0.05,0.0,0.0,0.0,0.0,0.0
1520364137776551517,0.05,0.0,0.0,0.0,0.0,0.0
1520364138062279577,0.05,0.0,0.0,0.0,0.0,0.0
1520364138347864516,0.05,0.0,0.0,0.0,0.0,0.0
1520364138633700427,0.05,0.0,0.0,0.0,0.0,0.0
1520364138919447190,0.05,0.0,0.0,0.0,0.0,0.0
1520364139205144688,0.05,0.0,0.0,0.0,0.0,0.0
1520364139490814071,0.05,0.0,0.0,0.0,0.0,0.0
1520364139776539191,0.05,0.0,0.0,0.0,0.0,0.0
1520364140062275949,0.05,0.0,0.0,0.0,0.0,0.0
1520364140347707928,0.05,0.0,0.0,0.0,0.0,0.0
1520364140633469462,0.05,0.0,0.0,0.0,0.0,0.0
1520364140919494086,0.05,0.0,0.0,0.0,0.0,0.0
1520364141204970464,0.05,0.0,0.0,0.0,0.0,0.0
1520364141490860952,0.0,0.0,0.0,0.0,0.0,0.0
1520364141776543641,0.0,0.0,0.0,0.0,0.0,0.0
1520364142062276983,0.0,0.0,0.0,0.0,0.0,0.0
1520364142347970290,0.0,0.0,0.0,0.0,0.0,0.0
1520364142633501534,0.0,0.0,0.0,0.0,0.0,0.0
1520364142919185935,0.0,0.0,0.0,0.0,0.0,0.0
1520364143205114141,0.0,0.0,0.0,0.0,0.0,-0.3
1520364143490788163,0.0,0.0,0.0,0.0,0.0,-0.3
1520364143776533566,0.0,0.0,0.0,0.0,0.0,-0.3
1520364144062294155,0.0,0.0,0.0,0.0,0.0,-0.3
1520364144347934491,0.0,0.0,0.0,0.0,0.0,-0.3
1520364144633679918,0.0,0.0,0.0,0.0,0.0,-0.3
1520364144919417455,0.0,0.0,0.0,0.0,0.0,-0.3
1520364145205096491,0.0,0.0,0.0,0.0,0.0,-0.3
1520364145490871803,0.0,0.0,0.0,0.0,0.0,-0.3
1520364145776554964,0.0,0.0,0.0,0.0,0.0,-0.3
1520364146062275212,0.0,0.0,0.0,0.0,0.0,-0.3
1520364146347975399,0.0,0.0,0.0,0.0,0.0,-0.3
1520364146633708154,0.0,0.0,0.0,0.0,0.0,-0.3
1520364148633478381,0.05,0.0,0.0,0.0,0.0,0.0
1520364148919419508,0.05,0.0,0.0,0.0,0.0,0.0
1520364149205102301,0.05,0.0,0.0,0.0,0.0,0.0
1520364149490765261,0.05,0.0,0.0,0.0,0.0,0.0
1520364149776531029,0.05,0.0,0.0,0.0,0.0,0.0
1520364150062279544,0.05,0.0,0.0,0.0,0.0,0.0
1520364150347979254,0.05,0.0,0.0,0.0,0.0,0.0
1520364150633480209,0.05,0.0,0.0,0.0,0.0,0.0
1520364150919356349,0.05,0.0,0.0,0.0,0.0,0.0
1520364151204950143,0.05,0.0,0.0,0.0,0.0,0.0
1520364151490863940,0.05,0.0,0.0,0.0,0.0,0.0
1520364151776561428,0.05,0.0,0.0,0.0,0.0,0.0
1520364152062094822,0.05,0.0,0.0,0.0,0.0,0.0
1520364152347960837,0.05,0.0,0.0,0.0,0.0,0.0
1520364152633696725,0.05,0.0,0.0,0.0,0.0,0.0
1520364152919420268,0.05,0.0,0.0,0.0,0.0,0.0
1520364153205143038,0.05,0.0,0.0,0.0,0.0,0.0
1520364153490893090,0.05,0.0,0.0,0.0,0.0,0.0
1520364153776521871,0.05,0.0,0.0,0.0,0.0,0.0
1520364154062257826,0.05,0.0,0.0,0.0,0.0,0.0
1520364154349879704,0.05,0.0,0.0,0.0,0.0,0.0
1520364154633711736,0.0,0.0,0.0,0.0,0.0,0.3
1520364154919427469,0.0,0.0,0.0,0.0,0.0,0.3
1520364155205137192,0.0,0.0,0.0,0.0,0.0,0.3
1520364155490906340,0.0,0.0,0.0,0.0,0.0,0.0
1520364155776460881,0.0,0.0,0.0,0.0,0.0,0.0
1520364156062224953,0.0,0.0,0.0,0.0,0.0,0.0
1520364156347948597,0.0,0.0,0.0,0.0,0.0,0.0
1520364156633470650,0.05,0.0,0.0,0.0,0.0,0.0
1520364156919419758,0.05,0.0,0.0,0.0,0.0,0.0
1520364157205149104,0.05,0.0,0.0,0.0,0.0,0.0
1520364157490884230,0.05,0.0,0.0,0.0,0.0,0.0
1520364157776537022,0.05,0.0,0.0,0.0,0.0,0.0
1520364158062094904,0.05,0.0,0.0,0.0,0.0,0.0
1520364158347996049,0.05,0.0,0.0,0.0,0.0,0.0
1520364158633484140,0.05,0.0,0.0,0.0,0.0,0.0
1520364158919423705,0.05,0.0,0.0,0.0,0.0,0.0
1520364159205117397,0.05,0.0,0.0,0.0,0.0,0.0
1520364159490846040,0.05,0.0,0.0,0.0,0.0,0.0
1520364159776551632,0.05,0.0,0.0,0.0,0.0,0.0
1520364160062091824,0.05,0.0,0.0,0.0,0.0,0.0
1520364160347994470,0.05,0.0,0.0,0.0,0.0,0.0
1520364160633698563,0.05,0.0,0.0,0.0,0.0,0.0
1520364160919414671,0.05,0.0,0.0,0.0,0.0,0.0
1520364161205005495,0.05,0.0,0.0,0.0,0.0,0.0
1520364161490888038,0.05,0.0,0.0,0.0,0.0,0.0
1520364161776535686,0.05,0.0,0.0,0.0,0.0,0.0
1520364162062236213,0.05,0.0,0.0,0.0,0.0,0.0
1520364162347927303,0.05,0.0,0.0,0.0,0.0,0.0
1520364162633498620,0.05,0.0,0.0,0.0,0.0,0.0
1520364162919412107,0.05,0.0,0.0,0.0,0.0,0.0
1520364163205096354,0.05,0.0,0.0,0.0,0.0,0.0
1520364163490855587,0.05,0.0,0.0,0.0,0.0,0.0
1520364163776553912,0.05,0.0,0.0,0.0,0.0,0.0
1520364164062133864,0.05,0.0,0.0,0.0,0.0,0.0
1520364164347974988,0.05,0.0,0.0,0.0,0.0,0.0
1520364164633459909,0.05,0.0,0.0,0.0,0.0,0.0
1520364164919412524,0.05,0.0,0.0,0.0,0.0,0.0
1520364165205146507,0.05,0.0,0.0,0.0,0.0,0.0
1520364165490853967,0.05,0.0,0.0,0.0,0.0,0.0
1520364165776539635,0.05,0.0,0.0,0.0,0.0,0.0
1520364166062249901,0.05,0.0,0.0,0.0,0.0,0.0
1520364166347958628,0.05,0.0,0.0,0.0,0.0,0.0
1520364166633485768,0.05,0.0,0.0,0.0,0.0,0.0
1520364166919390563,0.05,0.0,0.0,0.0,0.0,0.0
1520364167205144695,0.05,0.0,0.0,0.0,0.0,0.0
1520364167490838448,0.05,0.0,0.0,0.0,0.0,0.0
1520364167776541859,0.05,0.0,0.0,0.0,0.0,0.0
1520364168062242577,0.05,0.0,0.0,0.0,0.0,0.0
1520364168348000981,0.05,0.0,0.0,0.0,0.0,0.0
1520364168633442143,0.05,0.0,0.0,0.0,0.0,0.0
1520364168919254039,0.05,0.0,0.0,0.0,0.0,0.0
1520364169205099961,0.05,0.0,0.0,0.0,0.0,0.0
1520364169490881087,0.05,0.0,0.0,0.0,0.0,0.0
1520364169776556294,0.05,0.0,0.0,0.0,0.0,0.0
1520364170062224972,0.05,0.0,0.0,0.0,0.0,0.0
1520364170347979900,0.05,0.0,0.0,0.0,0.0,0.0
1520364170633700998,0.0,0.0,0.0,0.0,0.0,0.0
1520364170919391014,0.0,0.0,0.0,0.0,0.0,0.0
1520364171205117443,0.0,0.0,0.0,0.0,0.0,0.0
1520364171490830985,0.0,0.0,0.0,0.0,0.0,0.0
1520364171776538092,0.0,0.0,0.0,0.0,0.0,0.0
1520364172062243449,0.0,0.0,0.0,0.0,0.0,0.0
1520364172348050392,0.0,0.0,0.0,0.0,0.0,0.3
1520364172633458595,0.0,0.0,0.0,0.0,0.0,0.3
1520364172919356718,0.0,0.0,0.0,0.0,0.0,0.3
1520364173205114087,0.0,0.0,0.0,0.0,0.0,0.3
1520364173490907243,0.0,0.0,0.0,0.0,0.0,0.3
1520364173776549386,0.0,0.0,0.0,0.0,0.0,0.3
1520364174062271933,0.0,0.0,0.0,0.0,0.0,0.3
1520364174347774509,0.0,0.0,0.0,0.0,0.0,0.3
1520364174633463677,0.0,0.0,0.0,0.0,0.0,0.3
1520364174919346001,0.0,0.0,0.0,0.0,0.0,0.3
1520364175205082997,0.0,0.0,0.0,0.0,0.0,0.3
1520364175491363457,0.0,0.0,0.0,0.0,0.0,0.3
1520364175776476710,0.0,0.0,0.0,0.0,0.0,0.3
1520364176062259422,0.0,0.0,0.0,0.0,0.0,0.3
1520364176347950598,0.0,0.0,0.0,0.0,0.0,0.3
1520364176633491795,0.0,0.0,0.0,0.0,0.0,0.3
1520364176919387530,0.0,0.0,0.0,0.0,0.0,0.3
1520364177205105818,0.0,0.0,0.0,0.0,0.0,0.3
1520364177490752070,0.0,0.0,0.0,0.0,0.0,0.3
1520364177776474120,0.0,0.0,0.0,0.0,0.0,0.3
1520364178062278726,0.0,0.0,0.0,0.0,0.0,0.3
1520364178347974573,0.0,0.0,0.0,0.0,0.0,0.3
1520364178633482777,0.0,0.0,0.0,0.0,0.0,0.3
1520364178919395327,0.0,0.0,0.0,0.0,0.0,0.3
1520364179205107419,0.0,0.0,0.0,0.0,0.0,0.3
1520364179490923120,0.0,0.0,0.0,0.0,0.0,0.3
1520364179776508735,0.0,0.0,0.0,0.0,0.0,0.3
1520364180062246368,0.0,0.0,0.0,0.0,0.0,0.3
1520364180347968365,0.0,0.0,0.0,0.0,0.0,0.3
1520364180633700640,0.0,0.0,0.0,0.0,0.0,0.3
1520364180919360097,0.0,0.0,0.0,0.0,0.0,0.3
1520364181205143252,0.0,0.0,0.0,0.0,0.0,0.3
1520364181491019911,0.0,0.0,0.0,0.0,0.0,0.3
1520364181776543443,0.0,0.0,0.0,0.0,0.0,0.3
1520364182062280877,0.0,0.0,0.0,0.0,0.0,0.3
1520364182347973833,0.0,0.0,0.0,0.0,0.0,0.3
1520364182633489546,0.0,0.0,0.0,0.0,0.0,0.3
1520364182919365257,0.0,0.0,0.0,0.0,0.0,0.0
1520364183205117737,0.0,0.0,0.0,0.0,0.0,0.0
1520364183491348344,0.0,0.0,0.0,0.0,0.0,0.0
1520364183776530348,0.0,0.0,0.0,0.0,0.0,0.0
1520364184062286019,0.0,0.0,0.0,0.0,0.0,0.0
1520364184347980026,0.0,0.0,0.0,0.0,0.0,0.0
1520364184633711843,0.0,0.0,0.0,0.0,0.0,0.0
1520364184919340032,0.0,0.0,0.0,0.0,0.0,0.0
1520364185205119453,0.05,0.0,0.0,0.0,0.0,0.0
1520364185490838687,0.05,0.0,0.0,0.0,0.0,0.0
1520364185776288728,0.05,0.0,0.0,0.0,0.0,0.0
1520364186062213925,0.05,0.0,0.0,0.0,0.0,0.0
1520364186347931213,0.05,0.0,0.0,0.0,0.0,0.0
1520364186633493458,0.05,0.0,0.0,0.0,0.0,0.0
1520364186919373682,0.05,0.0,0.0,0.0,0.0,0.0
1520364187205082894,0.05,0.0,0.0,0.0,0.0,0.0
1520364187490859691,0.05,0.0,0.0,0.0,0.0,0.0
1520364187776534438,0.05,0.0,0.0,0.0,0.0,0.0
1520364188062293623,0.05,0.0,0.0,0.0,0.0,0.0
1520364188348008112,0.05,0.0,0.0,0.0,0.0,0.0
1520364188633706082,0.05,0.0,0.0,0.0,0.0,0.0
1520364188919455753,0.05,0.0,0.0,0.0,0.0,0.0
1520364189205165527,0.05,0.0,0.0,0.0,0.0,0.0
1520364189490835954,0.05,0.0,0.0,0.0,0.0,0.0
1520364189776542914,0.05,0.0,0.0,0.0,0.0,0.0
1520364190062279138,0.05,0.0,0.0,0.0,0.0,0.0
1520364190347954824,0.05,0.0,0.0,0.0,0.0,0.0
1520364190633666098,0.05,0.0,0.0,0.0,0.0,0.0
1520364190919477254,0.05,0.0,0.0,0.0,0.0,0.0
1520364191205144043,0.05,0.0,0.0,0.0,0.0,0.0
1520364191490902570,0.05,0.0,0.0,0.0,0.0,0.0
1520364191776380468,0.05,0.0,0.0,0.0,0.0,0.0
1520364192062274439,0.05,0.0,0.0,0.0,0.0,0.0
1520364192347973470,0.0,0.0,0.0,0.0,0.0,0.0
1520364192633702598,0.0,0.0,0.0,0.0,0.0,0.0
1520364192919446850,0.0,0.0,0.0,0.0,0.0,0.0
1520364193205161239,0.0,0.0,0.0,0.0,0.0,0.0
1520364193490704536,0.0,0.0,0.0,0.0,0.0,0.0
1520364193776545910,0.0,0.0,0.0,0.0,0.0,0.3
1520364194062276501,0.0,0.0,0.0,0.0,0.0,0.3
1520364194347885589,0.0,0.0,0.0,0.0,0.0,0.3
1520364194633466706,0.0,0.0,0.0,0.0,0.0,0.0
1520364194919419576,0.0,0.0,0.0,0.0,0.0,0.0
1520364195205075467,0.0,0.0,0.0,0.0,0.0,0.0
1520364195490838807,0.0,0.0,0.0,0.0,0.0,0.0
1520364195776540883,0.05,0.0,0.0,0.0,0.0,0.0
1520364196062277220,0.05,0.0,0.0,0.0,0.0,0.0
1520364196347983357,0.05,0.0,0.0,0.0,0.0,0.0
1520364196633702667,0.05,0.0,0.0,0.0,0.0,0.0
1520364196919553035,0.05,0.0,0.0,0.0,0.0,0.0
1520364197205150729,0.05,0.0,0.0,0.0,0.0,0.0
1520364197490860849,0.05,0.0,0.0,0.0,0.0,0.0
1520364197776528104,0.05,0.0,0.0,0.0,0.0,0.0
1520364198062254786,0.05,0.0,0.0,0.0,0.0,0.0
1520364198348062803,0.05,0.0,0.0,0.0,0.0,0.0
1520364198633702222,0.05,0.0,0.0,0.0,0.0,0.0
1520364198919421394,0.05,0.0,0.0,0.0,0.0,0.0
1520364199205148480,0.05,0.0,0.0,0.0,0.0,0.0
1520364199490703101,0.05,0.0,0.0,0.0,0.0,0.0
1520364199776353080,0.05,0.0,0.0,0.0,0.0,0.0
1520364200062257059,0.05,0.0,0.0,0.0,0.0,0.0
1520364200347991708,0.05,0.0,0.0,0.0,0.0,0.0
1520364200633460503,0.05,0.0,0.0,0.0,0.0,0.0
1520364200919418447,0.05,0.0,0.0,0.0,0.0,0.0
1520364201205141857,0.05,0.0,0.0,0.0,0.0,0.0
1520364201490748527,0.05,0.0,0.0,0.0,0.0,0.0
1520364201776544827,0.05,0.0,0.0,0.0,0.0,0.0
1520364202062263350,0.05,0.0,0.0,0.0,0.0,0.0
1520364202348251046,0.05,0.0,0.0,0.0,0.0,0.0
1520364202633656364,0.05,0.0,0.0,0.0,0.0,0.0
1520364202919464691,0.05,0.0,0.0,0.0,0.0,0.0
1520364203205133958,0.05,0.0,0.0,0.0,0.0,0.0
1520364203490855567,0.05,0.0,0.0,0.0,0.0,0.0
1520364203776523403,0.05,0.0,0.0,0.0,0.0,0.0
1520364204062257158,0.05,0.0,0.0,0.0,0.0,0.0
1520364204348000635,0.05,0.0,0.0,0.0,0.0,0.0
1520364204633554962,0.05,0.0,0.0,0.0,0.0,0.0
1520364204919414046,0.05,0.0,0.0,0.0,0.0,0.0
1520364205205157394,0.05,0.0,0.0,0.0,0.0,0.0
1520364205490851986,0.05,0.0,0.0,0.0,0.0,0.0
1520364205776534057,0.05,0.0,0.0,0.0,0.0,0.0
1520364206062181137,0.05,0.0,0.0,0.0,0.0,0.0
1520364206347984842,0.05,0.0,0.0,0.0,0.0,0.0
1520364206633711923,0.05,0.0,0.0,0.0,0.0,0.0
1520364206919443849,0.05,0.0,0.0,0.0,0.0,0.0
1520364207205169970,0.05,0.0,0.0,0.0,0.0,0.0
1520364207490865130,0.05,0.0,0.0,0.0,0.0,0.0
1520364207776544888,0.05,0.0,0.0,0.0,0.0,0.0
1520364208062274083,0.05,0.0,0.0,0.0,0.0,0.0
1520364208347988069,0.05,0.0,0.0,0.0,0.0,0.0
1520364208633692373,0.05,0.0,0.0,0.0,0.0,0.0
1520364208919377010,0.05,0.0,0.0,0.0,0.0,0.0
1520364209205107408,0.05,0.0,0.0,0.0,0.0,0.0
1520364209490859472,0.05,0.0,0.0,0.0,0.0,0.0
1520364209776524677,0.05,0.0,0.0,0.0,0.0,0.0
1520364210062251011,0.05,0.0,0.0,0.0,0.0,0.0
1520364210347964305,0.05,0.0,0.0,0.0,0.0,0.0
1520364210633710183,0.05,0.0,0.0,0.0,0.0,0.0
1520364210919424188,0.0,0.0,0.0,0.0,0.0,0.0
1520364211205116463,0.0,0.0,0.0,0.0,0.0,0.0
1520364211490842633,0.0,0.0,0.0,0.0,0.0,0.0
1520364211776534421,0.0,0.0,0.0,0.0,0.0,0.0
1520364212062259528,0.0,0.0,0.0,0.0,0.0,0.3
1520364212347970088,0.0,0.0,0.0,0.0,0.0,0.3
1520364212633706317,0.0,0.0,0.0,0.0,0.0,0.3
1520364212919431705,0.0,0.0,0.0,0.0,0.0,0.0
1520364213204969662,0.0,0.0,0.0,0.0,0.0,0.0
1520364213490842872,0.0,0.0,0.0,0.0,0.0,0.0
1520364213776536985,0.0,0.0,0.0,0.0,0.0,0.0
1520364214062254676,0.0,0.0,0.0,0.0,0.0,0.0
1520364214347959762,0.05,0.0,0.0,0.0,0.0,0.0
1520364214633697720,0.05,0.0,0.0,0.0,0.0,0.0
1520364214919397430,0.05,0.0,0.0,0.0,0.0,0.0
1520364215205069701,0.05,0.0,0.0,0.0,0.0,0.0
1520364215490859321,0.05,0.0,0.0,0.0,0.0,0.0
1520364215776533982,0.05,0.0,0.0,0.0,0.0,0.0
1520364216062256472,0.05,0.0,0.0,0.0,0.0,0.0
1520364216347962961,0.05,0.0,0.0,0.0,0.0,0.0
1520364216633707494,0.05,0.0,0.0,0.0,0.0,0.0
1520364216919397974,0.05,0.0,0.0,0.0,0.0,0.0
1520364217205072670,0.05,0.0,0.0,0.0,0.0,0.0
1520364217490848136,0.05,0.0,0.0,0.0,0.0,0.0
1520364217776497086,0.05,0.0,0.0,0.0,0.0,0.0
1520364218062251149,0.05,0.0,0.0,0.0,0.0,0.0
1520364218347967239,0.05,0.0,0.0,0.0,0.0,0.0
1520364218633714740,0.05,0.0,0.0,0.0,0.0,0.0
1520364218919389113,0.05,0.0,0.0,0.0,0.0,0.0
1520364219205122666,0.05,0.0,0.0,0.0,0.0,0.0
1520364219490829448,0.05,0.0,0.0,0.0,0.0,0.0
1520364219776535370,0.05,0.0,0.0,0.0,0.0,0.0
1520364220062249950,0.05,0.0,0.0,0.0,0.0,0.0
1520364220347960055,0.05,0.0,0.0,0.0,0.0,0.0
1520364220633700986,0.05,0.0,0.0,0.0,0.0,0.0
1520364220919388334,0.05,0.0,0.0,0.0,0.0,0.0
1520364221205143277,0.05,0.0,0.0,0.0,0.0,0.0
1520364221490809297,0.05,0.0,0.0,0.0,0.0,0.0
1520364221776539227,0.05,0.0,0.0,0.0,0.0,0.0
1520364222062235131,0.05,0.0,0.0,0.0,0.0,0.0
1520364222347967474,0.05,0.0,0.0,0.0,0.0,0.0
1520364222633681787,0.05,0.0,0.0,0.0,0.0,0.0
1520364222919423819,0.05,0.0,0.0,0.0,0.0,0.0
1520364223205108791,0.05,0.0,0.0,0.0,0.0,0.0
1520364223490908333,0.05,0.0,0.0,0.0,0.0,0.0
1520364223776546652,0.05,0.0,0.0,0.0,0.0,0.0
1520364224062273736,0.05,0.0,0.0,0.0,0.0,0.0
1520364224347964386,0.05,0.0,0.0,0.0,0.0,0.0
1520364224633430700,0.05,0.0,0.0,0.0,0.0,0.0
1520364224919396782,0.05,0.0,0.0,0.0,0.0,0.0
1520364225205140696,0.05,0.0,0.0,0.0,0.0,0.0
1520364225490900415,0.05,0.0,0.0,0.0,0.0,0.0
1520364225776439658,0.05,0.0,0.0,0.0,0.0,0.0
1520364226062268115,0.05,0.0,0.0,0.0,0.0,0.0
1520364226347957538,0.05,0.0,0.0,0.0,0.0,0.0
1520364226633444564,0.05,0.0,0.0,0.0,0.0,0.0
1520364226919397945,0.05,0.0,0.0,0.0,0.0,0.0
1520364227205143494,0.05,0.0,0.0,0.0,0.0,0.0
1520364227490836527,0.05,0.0,0.0,0.0,0.0,0.0
1520364227776358854,0.05,0.0,0.0,0.0,0.0,0.0
1520364228062254657,0.05,0.0,0.0,0.0,0.0,0.0
1520364228347710297,0.05,0.0,0.0,0.0,0.0,0.0
1520364228633479212,0.05,0.0,0.0,0.0,0.0,0.0
1520364228919361349,0.05,0.0,0.0,0.0,0.0,0.0
1520364229205108393,0.05,0.0,0.0,0.0,0.0,0.0
1520364229490814420,0.05,0.0,0.0,0.0,0.0,0.0
1520364229776534144,0.05,0.0,0.0,0.0,0.0,0.0
1520364230062292920,0.05,0.0,0.0,0.0,0.0,0.0
1520364230347964596,0.05,0.0,0.0,0.0,0.0,0.0
1520364230633460888,0.05,0.0,0.0,0.0,0.0,0.0
1520364230919234374,0.05,0.0,0.0,0.0,0.0,0.0
1520364231205066808,0.0,0.0,0.0,0.0,0.0,0.3
1520364231490888181,0.0,0.0,0.0,0.0,0.0,0.3
1520364231776543477,0.0,0.0,0.0,0.0,0.0,0.3
1520364232062265115,0.0,0.0,0.0,0.0,0.0,0.0
1520364232347963112,0.0,0.0,0.0,0.0,0.0,0.0
1520364232633445550,0.0,0.0,0.0,0.0,0.0,0.0
1520364232919206407,0.05,0.0,0.0,0.0,0.0,0.0
1520364233205111010,0.05,0.0,0.0,0.0,0.0,0.0
1520364233490822588,0.05,0.0,0.0,0.0,0.0,0.0
1520364233776518605,0.05,0.0,0.0,0.0,0.0,0.0
1520364234062085956,0.05,0.0,0.0,0.0,0.0,0.0
1520364234347967226,0.05,0.0,0.0,0.0,0.0,0.0
1520364234633464295,0.05,0.0,0.0,0.0,0.0,0.0
1520364234919429596,0.05,0.0,0.0,0.0,0.0,0.0
1520364235205112709,0.05,0.0,0.0,0.0,0.0,0.0
1520364235490873388,0.05,0.0,0.0,0.0,0.0,0.0
1520364235776513498,0.05,0.0,0.0,0.0,0.0,0.0
1520364236062273737,0.05,0.0,0.0,0.0,0.0,0.0
1520364236347947180,0.05,0.0,0.0,0.0,0.0,0.0
1520364236633710891,0.05,0.0,0.0,0.0,0.0,0.0
1520364236919455436,0.05,0.0,0.0,0.0,0.0,0.0
1520364237205141553,0.05,0.0,0.0,0.0,0.0,0.0
1520364237490860428,0.05,0.0,0.0,0.0,0.0,0.0
1520364237776520945,0.0,0.0,0.0,0.0,0.0,0.0
1520364237939246520,-0.1,0.0,0.0,0.0,0.0,-0.3
1520364238062286999,0.0,0.0,0.0,0.0,0.0,0.0
1520364238068193675,-0.1,0.0,0.0,0.0,0.0,-0.3
1520364238096019715,-0.1,0.0,0.0,0.0,0.0,-0.3
1520364238347948936,0.0,0.0,0.0,0.0,0.0,0.0
1520364238633625339,0.0,0.0,0.0,0.0,0.0,0.0
1520364238919400211,0.0,0.0,0.0,0.0,0.0,0.0
1520364239205157585,0.0,0.0,0.0,0.0,0.0,0.0
1520364239490879504,0.0,0.0,0.0,0.0,0.0,0.0
1520364239776542516,0.0,0.0,0.0,0.0,0.0,0.0
1520364240062285530,0.0,0.0,0.0,0.0,0.0,0.0
1520364240347943169,0.0,0.0,0.0,0.0,0.0,0.0
1520364240633690833,0.0,0.0,0.0,0.0,0.0,0.0
1520364240919461069,0.0,0.0,0.0,0.0,0.0,0.0
1520364241205167074,0.0,0.0,0.0,0.0,0.0,0.0
1520364241490873727,0.0,0.0,0.0,0.0,0.0,0.0
1520364241776553471,0.0,0.0,0.0,0.0,0.0,0.0
1520364242062282127,0.0,0.0,0.0,0.0,0.0,0.0
1520364242347939924,0.0,0.0,0.0,0.0,0.0,0.0
1520364242633710575,0.0,0.0,0.0,0.0,0.0,0.0
1520364242919904038,0.0,0.0,0.0,0.0,0.0,0.0
1520364243205114687,0.0,0.0,0.0,0.0,0.0,0.0
1520364243490880635,0.0,0.0,0.0,0.0,0.0,0.0
1520364243776561191,0.0,0.0,0.0,0.0,0.0,0.0
